0
5
38
1
1
0
198
3
1
2
1
0
2
70
5
5
169
1
2
25
2
2
3
6
147
2
1
1
4
0
0
2
2
4
3
5
1
0
38
0
2
0
0
1
5
1
4
25
2
0
1
1
2
2
2
1
2
5
2
0
1
16
0
5
5
0
1
7
4
5
5
0
0
1
110
12
1
1
1
17
2
1
2
5
1
1
0
4
0
53
5
1
4
1
1
1
2
44
27
0
5
0
5
1
1
1
1
1
1
0
4
3
1
0
0
1
2
3
0
0
0
1
23
0
1
17
0
4
1
0
2
44
0
0
5
2
3
1
3
1
4
5
5
0
5
0
2
1
3
93
16
18
0
12
0
0
0
5
0
0
2
1
1
1
1
1
2
2
2
1
5
0
1
58
2
1
3
0
0
1
2
0
23
3
0
0
4
4
0
0
1
2
2
1
0
2
5
1
2
3
0
2
2
2
0
63
21
1
3
1
1
1
1
1
5
59
1
1
19
3
3
1
0
0
4
4
0
0
4
3
1
4
0
0
5
0
0
1
13
0
0
0
0
3
1
1
15
0
0
0
0
3
3
1
29
1
1
1
1
3
1
1
13
2
0
3
69
1
13
1
4
0
22
0
1
1
3
0
1
2
0
1
4
1
3
4
1
19
0
1
2
2
2
2
33
3
1
0
1
29
1
1
21
5
0
4
0
4
0
1
2
2
2
2
0
3
0
0
4
2
1
2
3
3
3
0
2
2
3
3
2
5
111
5
1
0
1
2
1
1
1
5
46
0
2
2
47
1
3
1
2
1
2
0
47
2
2
0
1
2
58
3
2
2
1
2
0
1
1
1
1
3
72
1
3
5
1
3
3
3
3
1
1
12
3
1
0
4
0
0
4
4
4
5
1
4
4
21
0
1
4
4
2
4
0
1
40
38
2
1
68
1
1
1
15
1
1
1
11
0
1
23
1
1
16
0
4
0
0
3
4
0
5
1
0
0
0
1
0
5
0
0
1
30
0
1
2
0
53
0
0
0
5
1
11
1
2
5
4
4
0
1
2
1
2
4
5
1
0
41
1
1
4
0
0
5
1
1
1
5
2
2
3
3
3
3
0
5
3
2
3
3
0
0
5
2
0
5
0
0
