4
54
0
2
2
1
1
1
1
3
3
29
60
1
76
2
1
1
0
18
3
1
0
1
127
4
2
5
1
5
4
4
4
0
1
4
1
5
10
4
0
5
0
6
210
4
4
0
0
2
2
67
2
3
5
4
0
0
1
23
0
1
0
4
0
5
0
5
0
5
0
0
3
5
5
0
0
5
5
5
3
7
158
0
2
1
1
1
0
1
2
2
35
1
1
0
2
0
0
0
0
0
0
2
1
0
0
4
0
5
5
1
2
1
2
1
1
1
4
1
3
1
1
12
0
3
1
4
2
1
1
1
1
37
0
4
0
0
0
3
3
1
45
12
1
2
5
0
5
1
0
4
3
0
1
1
26
23
3
0
5
1
2
1
2
2
1
64
1
1
1
0
1
40
1
19
1
5
4
0
1
19
0
5
0
1
1
1
1
20
2
2
0
3
3
1
20
5
1
1
0
0
1
1
4
5
1
0
14
27
1
1
1
39
0
1
4
3
2
0
1
0
1
3
2
1
1
3
1
1
23
1
0
4
0
0
0
3
1
2
1
1
1
26
0
0
1
5
5
0
5
0
2
1
34
1
26
4
4
0
0
4
4
1
2
1
49
1
1
1
1
0
1
1
2
0
2
2
2
3
1
0
2
19
2
3
1
10
4
1
2
0
11
3
2
0
1
30
5
3
5
4
1
2
1
19
0
1
1
2
2
2
2
3
3
3
3
3
0
0
4
0
0
2
0
4
5
3
52
0
4
0
3
2
0
1
44
1
1
1
83
3
3
3
0
2
0
0
0
0
0
1
1
11
0
0
5
4
3
4
0
0
0
5
0
5
0
1
1
0
2
2
0
5
1
1
30
17
0
0
1
1
12
4
5
1
2
1
1
4
0
1
0
1
44
1
2
1
1
1
1
4
1
21
1
0
3
2
0
5
102
0
4
1
3
4
0
5
0
0
2
1
5
0
42
0
0
1
1
0
1
1
2
1
1
1
30
0
4
1
5
5
1
1
2
2
40
2
2
1
4
2
35
0
0
2
2
0
3
4
0
0
0
0
1
10
5
3
1
63
0
0
3
0
3
3
4
4
3
0
0
0
5
0
1
4
1
1
3
0
1
2
5
0
2
1
0
2
0
4
