1 
10
2
3948
2
1
2
1
12
3948
3
3948
1
1
3948
3948
3948
3948
3948
3948
6
4
3948
13
13
3948
13
3948
3948
3948
8
3948
14
8
5
14
5
5
14
14
14
14
5
3948
3948
11
3948
11
3948
3948
11
3948
11
20
3948
11
3948
3948
3948
3948
20
3948
11
11
11
3948
3948
3948
20
20
20
3948
18
3948
3948
3948
18
35
18
3948
18
3948
3948
7
3948
7
18
18
3948
35
7
7
7
3948
3948
3948
3948
3948
3948
22
3948
9
3948
22
9
37
3948
9
37
22
3948
22
3948
9
3948
3948
22
22
3948
3948
3948
37
24
3948
37
3948
3948
15
44
3948
3948
24
44
15
3948
3948
44
3948
44
3948
3948
3948
3948
25
3948
3948
3948
3948
49
25
3948
16
3948
49
3948
3948
16
3948
3948
3948
3948
26
56
56
3948
3948
56
56
26
3948
3948
17
3948
17
17
27
27
27
3948
57
3948
27
57
3948
17
3948
3948
3948
57
57
3948
3948
19
19
28
19
57
19
3948
3948
28
3948
3948
28
3948
19
3948
19
3948
3948
3948
67
21
3948
21
21
3948
3948
3948
3948
30
21
30
21
3948
3948
30
21
67
3948
3948
30
3948
68
3948
3948
68
68
23
23
3948
3948
68
3948
3948
3948
3948
23
23
23
32
3948
68
68
3948
23
32
32
3948
3948
3948
32
32
3948
3948
29
3948
3948
70
3948
3948
3948
29
33
3948
29
70
33
70
29
3948
3948
33
29
29
3948
3948
33
3948
70
3948
33
70
29
29
3948
3948
3948
3948
3948
3948
34
3948
3948
72
3948
31
31
34
3948
72
3948
72
34
72
34
3948
3948
3948
3948
3948
3948
31
3948
72
3948
36
36
3948
3948
41
36
74
3948
3948
3948
74
3948
3948
3948
41
3948
3948
36
3948
41
74
36
3948
41
74
3948
41
3948
42
42
3948
42
3948
3948
3948
3948
78
42
38
38
38
42
38
42
3948
42
3948
42
42
42
42
42
78
3948
3948
78
3948
3948
78
3948
46
46
3948
38
3948
3948
46
80
46
80
3948
46
80
46
46
80
3948
46
46
3948
80
46
3948
46
3948
3948
3948
46
46
46
46
39
3948
39
3948
3948
39
46
3948
39
3948
80
3948
39
3948
3948
39
3948
3948
3948
50
39
3948
80
3948
50
39
39
3948
3948
3948
82
3948
39
3948
39
3948
3948
3948
39
3948
50
3948
39
3948
39
3948
39
82
82
3948
3948
50
3948
3948
3948
3948
3948
3948
3948
3948
3948
3948
3948
3948
82
3948
82
52
3948
3948
3948
40
3948
40
3948
40
3948
3948
52
40
40
52
99
52
40
3948
3948
3948
52
52
52
3948
3948
3948
3948
99
40
52
3948
3948
40
40
40
40
3948
3948
40
40
3948
54
3948
3948
43
3948
3948
3948
3948
3948
102
3948
102
3948
3948
3948
43
3948
3948
3948
54
54
54
3948
54
43
102
3948
102
102
3948
3948
54
43
3948
3948
43
102
3948
3948
55
3948
3948
55
45
55
106
106
106
3948
106
3948
3948
3948
3948
3948
3948
45
45
45
106
3948
45
55
3948
55
3948
3948
45
3948
106
45
45
3948
3948
3948
3948
3948
3948
106
3948
58
47
58
47
3948
47
58
58
3948
109
47
47
109
3948
47
3948
109
58
47
3948
3948
3948
3948
3948
3948
58
109
109
3948
47
109
3948
109
47
58
3948
3948
109
3948
3948
3948
60
3948
3948
3948
60
3948
48
60
48
109
3948
3948
3948
3948
3948
3948
60
3948
3948
60
48
3948
3948
110
110
48
110
60
48
48
48
60
3948
60
3948
110
3948
3948
110
3948
3948
3948
3948
3948
61
48
3948
110
61
3948
61
110
51
3948
110
3948
110
3948
3948
61
61
3948
3948
3948
3948
3948
3948
51
3948
3948
111
111
111
111
61
3948
51
3948
61
51
3948
3948
61
61
51
61
3948
3948
3948
3948
51
51
62
3948
51
3948
3948
51
3948
3948
53
111
3948
62
62
3948
62
111
3948
53
53
53
3948
3948
111
3948
112
112
62
112
53
3948
3948
112
3948
62
3948
112
3948
3948
3948
112
62
53
3948
3948
3948
62
3948
3948
112
3948
112
53
112
3948
53
3948
3948
63
3948
3948
59
3948
3948
63
59
3948
3948
3948
112
112
3948
59
63
3948
112
3948
3948
3948
3948
59
113
3948
113
63
3948
59
59
63
3948
3948
3948
3948
3948
3948
59
59
3948
3948
3948
59
3948
3948
3948
3948
3948
64
3948
65
3948
65
3948
3948
3948
3948
113
65
3948
64
3948
3948
3948
3948
116
64
3948
116
65
64
116
116
3948
3948
3948
3948
3948
3948
3948
116
3948
3948
3948
3948
66
3948
66
66
3948
119
119
66
66
3948
66
3948
3948
119
71
3948
119
119
119
71
3948
3948
3948
71
71
3948
3948
3948
69
3948
3948
3948
3948
71
122
122
71
69
69
3948
3948
73
69
73
73
69
3948
69
3948
3948
69
69
73
3948
73
122
122
122
3948
3948
73
122
3948
79
122
3948
3948
3948
123
3948
73
3948
79
3948
3948
79
3948
123
3948
3948
3948
3948
123
3948
75
3948
79
123
75
123
3948
3948
123
3948
3948
3948
3948
3948
3948
3948
3948
3948
3948
75
127
75
75
3948
81
3948
75
3948
81
3948
127
3948
76
3948
127
3948
76
3948
76
127
3948
76
3948
3948
3948
128
76
3948
3948
3948
3948
3948
76
3948
3948
3948
3948
85
3948
3948
3948
3948
3948
77
3948
77
3948
3948
83
142
3948
3948
144
144
3948
3948
148
148
84
84
84
3948
86
84
84
3948
3948
86
3948
87
3948
86
87
86
3948
3948
3948
87
3948
3948
3948
3948
3948
3948
90
3948
91
91
3948
93
3948
3948
94
94
3948
96
3948
149
3948
88
3948
152
97
3948
3948
155
155
97
3948
3948
89
3948
3948
100
156
100
100
100
89
89
3948
100
3948
3948
158
103
3948
3948
103
3948
3948
3948
3948
103
3948
103
92
159
3948
3948
108
3948
3948
3948
159
3948
3948
3948
114
3948
161
161
118
3948
164
164
3948
95
3948
164
164
3948
3948
120
95
3948
166
98
120
3948
3948
166
98
120
3948
3948
98
3948
167
167
3948
3948
121
3948
3948
121
3948
3948
167
101
3948
101
168
168
3948
121
3948
3948
3948
3948
3948
3948
3948
3948
171
3948
124
3948
104
125
3948
3948
175
175
129
3948
180
3948
3948
3948
182
3948
105
3948
107
107
3948
183
3948
3948
184
115
184
3948
185
3948
117
131
117
3948
117
3948
186
3948
186
186
186
131
3948
126
132
132
132
3948
186
3948
132
3948
132
3948
126
3948
3948
132
132
3948
132
132
3948
130
3948
134
188
3948
3948
188
3948
134
3948
134
3948
134
188
134
188
3948
3948
130
3948
188
3948
188
3948
3948
3948
135
188
133
3948
3948
3948
135
3948
3948
3948
135
3948
133
191
135
3948
3948
3948
133
3948
3948
133
191
191
191
3948
3948
3948
136
3948
191
136
3948
136
136
137
137
3948
3948
3948
3948
195
195
195
137
3948
136
3948
195
3948
136
137
136
3948
3948
138
195
138
3948
3948
3948
137
138
195
3948
195
139
195
3948
139
3948
3948
138
138
3948
138
3948
3948
202
139
139
202
3948
3948
202
202
3948
3948
202
3948
139
202
139
3948
202
140
3948
140
3948
3948
139
3948
140
3948
202
3948
141
202
3948
140
3948
141
3948
3948
141
202
3948
140
3948
141
141
3948
140
204
204
3948
204
3948
140
3948
3948
204
3948
3948
3948
141
141
3948
140
3948
3948
3948
3948
204
3948
3948
145
3948
3948
143
143
204
145
204
204
3948
3948
143
204
3948
204
3948
204
204
3948
3948
145
3948
145
3948
3948
3948
143
3948
3948
206
3948
3948
3948
145
3948
3948
3948
3948
206
146
206
206
3948
206
3948
146
3948
3948
3948
3948
147
3948
3948
3948
3948
147
3948
147
146
146
206
206
206
147
3948
3948
147
146
146
3948
146
3948
207
207
3948
146
147
3948
3948
147
3948
3948
147
147
207
3948
207
160
3948
3948
3948
160
150
207
150
3948
150
150
207
3948
160
160
3948
160
207
3948
160
3948
207
3948
3948
207
160
160
150
160
3948
160
150
3948
160
160
3948
3948
3948
160
3948
150
3948
209
3948
160
3948
3948
3948
150
209
150
150
3948
3948
150
150
3948
163
3948
3948
3948
151
3948
209
151
209
3948
3948
209
163
151
209
151
3948
209
151
163
3948
3948
163
3948
151
3948
3948
209
3948
151
3948
209
163
3948
3948
209
163
163
3948
151
209
163
163
209
209
3948
151
3948
163
209
3948
3948
3948
151
3948
163
3948
151
151
3948
163
151
163
3948
3948
151
3948
151
3948
163
218
3948
218
3948
163
3948
3948
3948
3948
3948
3948
165
153
153
153
3948
3948
3948
3948
3948
165
3948
3948
3948
3948
218
3948
3948
3948
3948
165
3948
3948
3948
153
218
165
153
3948
165
218
3948
3948
3948
3948
165
153
3948
165
153
3948
218
3948
165
3948
3948
3948
3948
165
3948
3948
153
165
3948
165
3948
3948
153
3948
153
3948
3948
3948
165
153
153
219
3948
3948
219
3948
3948
219
3948
3948
154
219
219
154
169
3948
154
219
3948
3948
3948
219
154
154
3948
3948
3948
3948
3948
154
219
169
3948
3948
3948
169
219
3948
219
219
3948
3948
219
3948
3948
3948
3948
3948
154
3948
154
3948
154
219
219
169
154
154
3948
219
154
154
3948
3948
154
3948
3948
169
157
157
3948
3948
157
169
3948
169
169
3948
3948
157
3948
3948
3948
172
157
222
3948
172
222
157
222
3948
3948
222
222
172
172
3948
172
3948
172
172
3948
222
157
172
3948
3948
157
172
157
172
157
3948
157
3948
3948
172
157
3948
3948
172
3948
3948
3948
172
172
172
172
3948
222
3948
222
3948
172
3948
157
3948
3948
3948
162
162
3948
172
222
162
3948
3948
222
3948
222
162
3948
3948
3948
3948
3948
224
3948
3948
224
3948
3948
3948
174
162
3948
3948
3948
224
3948
3948
3948
3948
3948
3948
3948
3948
3948
174
224
224
3948
3948
3948
3948
162
162
162
3948
224
174
174
162
224
174
224
174
162
3948
3948
174
3948
162
174
224
174
3948
174
224
224
3948
3948
3948
3948
3948
162
3948
3948
3948
3948
174
3948
170
3948
170
3948
170
224
3948
3948
170
174
3948
170
170
174
174
228
170
3948
177
228
3948
3948
228
3948
3948
3948
3948
3948
3948
3948
3948
3948
3948
3948
3948
3948
3948
3948
3948
3948
3948
3948
3948
3948
3948
3948
3948
3948
3948
3948
3948
3948
3948
3948
3948
3948
3948
3948
3948
3948
3948
3948
3948
0
1 
173
179
93742
93742
176
93742
230
93742
189
178
189
93742
93742
181
93742
231
93742
93742
187
232
196
93742
196
93742
240
240
93742
93742
93742
190
197
197
190
93742
190
93742
93742
93742
93742
93742
192
93742
193
93742
198
93742
241
200
194
241
93742
194
93742
93742
93742
93742
201
199
93742
93742
244
93742
245
203
93742
250
93742
250
93742
93742
252
205
93742
208
205
93742
93742
210
93742
213
213
93742
93742
215
93742
257
257
93742
211
93742
93742
262
262
93742
262
93742
223
93742
270
212
93742
93742
93742
212
93742
93742
214
272
93742
93742
216
93742
217
226
226
217
217
93742
93742
93742
93742
93742
227
220
220
93742
93742
93742
234
93742
221
93742
225
235
93742
93742
238
93742
239
239
229
93742
93742
273
93742
233
233
273
93742
278
93742
93742
236
93742
93742
93742
282
242
237
237
93742
242
237
93742
93742
289
243
289
93742
93742
247
93742
247
243
93742
93742
291
247
291
246
247
291
93742
93742
93742
93742
256
246
93742
93742
246
246
93742
292
246
292
93742
248
93742
93742
93742
93742
93742
93742
93742
258
93742
248
248
93742
248
248
258
93742
249
93742
93742
93742
93742
93742
260
293
93742
93742
93742
261
293
93742
261
294
251
261
251
261
261
261
93742
93742
93742
93742
295
251
93742
295
93742
275
93742
93742
295
295
93742
93742
93742
253
93742
93742
93742
253
93742
277
93742
297
297
297
253
93742
277
254
297
254
277
254
93742
297
93742
254
279
93742
93742
299
279
93742
279
93742
279
279
254
299
279
93742
93742
279
279
93742
299
299
93742
299
255
93742
279
93742
93742
93742
93742
93742
280
93742
309
93742
93742
93742
93742
93742
309
93742
93742
309
93742
309
93742
309
280
93742
93742
93742
280
309
309
280
259
93742
93742
284
284
93742
284
93742
310
310
93742
93742
93742
259
310
310
93742
259
93742
310
259
93742
284
93742
284
93742
93742
310
284
310
93742
285
263
310
93742
93742
263
310
310
310
93742
93742
93742
93742
285
93742
263
285
93742
285
93742
93742
285
311
93742
93742
93742
311
93742
311
93742
263
263
263
93742
263
93742
93742
93742
311
93742
311
93742
311
93742
93742
287
93742
93742
287
287
93742
93742
264
287
93742
93742
312
93742
287
93742
93742
93742
93742
287
287
287
287
93742
93742
93742
93742
93742
93742
93742
288
93742
312
93742
93742
93742
93742
93742
313
93742
93742
313
313
93742
313
93742
93742
265
93742
290
265
265
290
93742
290
93742
314
93742
93742
93742
314
93742
93742
266
314
93742
93742
93742
93742
296
267
267
321
93742
321
321
93742
93742
93742
268
301
93742
268
93742
301
93742
325
93742
302
302
269
269
93742
93742
93742
302
93742
269
269
93742
93742
303
93742
93742
93742
271
328
271
303
93742
271
93742
93742
93742
93742
93742
93742
332
332
332
93742
93742
93742
337
337
93742
308
93742
274
340
340
93742
340
316
340
93742
93742
93742
344
344
93742
344
276
276
93742
344
318
93742
93742
345
93742
93742
318
345
276
276
93742
318
93742
93742
93742
345
93742
346
281
93742
93742
93742
93742
93742
93742
319
346
281
93742
93742
353
283
283
283
93742
283
320
93742
283
320
320
93742
320
320
353
93742
354
93742
93742
286
354
354
354
354
93742
354
93742
93742
93742
93742
354
354
93742
322
93742
93742
322
93742
354
93742
355
93742
298
93742
298
322
93742
93742
93742
355
322
322
322
93742
93742
322
355
322
93742
93742
93742
298
355
93742
93742
356
93742
356
300
93742
93742
93742
93742
93742
356
300
93742
300
323
356
93742
300
356
93742
93742
93742
93742
300
93742
93742
93742
304
93742
93742
93742
93742
358
93742
304
358
93742
358
93742
93742
329
93742
358
329
93742
305
366
93742
93742
93742
93742
93742
305
93742
93742
93742
367
330
93742
93742
93742
338
93742
342
93742
369
93742
306
306
93742
375
93742
307
93742
93742
347
93742
315
93742
317
93742
350
350
93742
93742
324
93742
376
352
326
93742
93742
93742
377
377
93742
93742
389
93742
357
93742
327
93742
331
400
360
93742
93742
405
93742
93742
333
93742
407
407
93742
93742
362
93742
408
334
93742
365
365
334
93742
93742
409
93742
93742
93742
410
93742
335
93742
416
336
93742
93742
374
93742
339
93742
378
341
417
93742
93742
343
93742
379
419
93742
93742
383
348
348
93742
421
93742
93742
391
93742
421
421
349
421
93742
93742
395
93742
93742
93742
395
422
351
93742
395
93742
351
351
351
351
399
351
351
93742
93742
399
93742
93742
359
359
93742
399
93742
93742
93742
399
399
359
93742
401
93742
425
425
93742
93742
93742
425
93742
93742
401
93742
93742
93742
93742
93742
93742
429
93742
93742
93742
403
93742
361
411
411
93742
93742
431
363
93742
93742
433
412
93742
412
412
433
364
364
433
364
364
93742
93742
364
93742
364
435
414
93742
414
414
93742
364
435
364
435
414
93742
435
414
93742
414
93742
414
435
368
414
93742
93742
93742
435
93742
435
93742
414
414
368
442
442
368
93742
368
93742
442
418
368
418
418
418
93742
418
93742
93742
442
93742
93742
93742
368
93742
368
93742
93742
442
93742
93742
93742
370
442
442
418
93742
442
93742
418
93742
93742
93742
93742
418
93742
418
93742
443
93742
93742
93742
443
93742
93742
420
93742
93742
443
370
93742
443
443
93742
443
420
93742
93742
93742
370
370
420
443
370
443
93742
420
443
420
93742
371
93742
420
93742
93742
93742
93742
93742
443
443
93742
93742
93742
371
445
445
93742
371
93742
423
445
445
93742
93742
423
93742
93742
423
93742
423
93742
423
93742
445
93742
423
423
371
93742
423
93742
93742
93742
93742
423
93742
371
93742
93742
372
93742
445
445
93742
372
423
423
93742
372
445
372
93742
423
93742
93742
450
450
423
372
372
93742
93742
424
93742
450
93742
93742
93742
93742
372
93742
93742
93742
93742
93742
93742
372
93742
93742
373
373
93742
93742
93742
93742
424
450
93742
93742
93742
450
93742
424
424
373
93742
373
450
93742
93742
424
93742
93742
373
93742
456
424
373
93742
93742
373
456
373
430
93742
93742
373
373
456
373
93742
430
430
93742
93742
380
380
93742
456
93742
456
93742
430
93742
93742
93742
380
93742
93742
380
93742
380
93742
93742
430
93742
93742
380
93742
380
93742
380
458
93742
458
380
458
93742
458
93742
93742
93742
380
93742
93742
93742
458
93742
93742
381
434
93742
93742
381
381
93742
93742
381
93742
381
93742
381
93742
93742
93742
93742
93742
463
93742
93742
434
434
93742
381
381
434
93742
93742
93742
93742
463
436
436
93742
463
463
93742
382
436
463
93742
93742
93742
382
93742
93742
93742
93742
382
464
464
464
93742
93742
436
436
93742
93742
93742
93742
437
93742
93742
437
464
93742
93742
93742
93742
93742
93742
384
93742
384
437
467
93742
93742
93742
93742
93742
384
384
467
384
384
441
384
93742
467
385
467
93742
93742
93742
468
441
93742
468
385
93742
93742
385
468
441
468
441
93742
468
385
385
93742
385
385
385
93742
93742
446
93742
93742
446
446
468
93742
93742
446
93742
446
470
386
93742
93742
93742
470
93742
93742
93742
93742
93742
446
93742
470
93742
93742
446
93742
93742
446
470
93742
93742
93742
93742
386
448
386
93742
470
93742
93742
93742
93742
448
448
448
448
93742
448
477
93742
477
93742
387
93742
93742
477
93742
387
93742
93742
477
93742
387
453
93742
387
477
93742
93742
93742
453
387
453
477
453
93742
387
453
93742
387
387
93742
93742
93742
93742
388
478
93742
93742
93742
455
93742
388
388
93742
93742
478
388
478
93742
93742
93742
388
93742
93742
93742
388
93742
93742
388
93742
478
478
455
93742
93742
457
481
457
93742
457
390
93742
93742
481
390
93742
481
481
481
93742
93742
390
481
93742
457
93742
93742
457
93742
93742
93742
481
93742
459
488
459
93742
459
93742
488
459
459
488
93742
93742
459
93742
459
459
392
93742
392
93742
93742
459
488
392
392
459
93742
93742
392
459
93742
93742
488
93742
459
93742
392
93742
392
392
93742
494
460
93742
93742
392
460
494
93742
494
93742
93742
460
494
494
494
460
494
93742
93742
494
93742
392
93742
494
393
93742
93742
93742
93742
93742
393
494
460
393
494
93742
93742
460
460
93742
93742
393
494
460
393
93742
494
93742
93742
460
494
460
494
93742
93742
93742
93742
93742
393
93742
495
393
393
93742
495
465
465
93742
495
93742
465
495
93742
393
393
93742
93742
93742
393
93742
93742
93742
93742
495
495
465
93742
394
93742
465
93742
495
495
93742
93742
93742
93742
465
495
465
465
93742
93742
93742
465
465
465
93742
93742
93742
93742
394
465
93742
465
465
93742
495
394
93742
93742
93742
465
93742
93742
394
93742
93742
394
93742
93742
475
394
499
394
93742
499
475
93742
93742
394
475
394
93742
93742
93742
394
93742
499
394
93742
93742
93742
499
499
499
499
93742
499
93742
93742
396
475
93742
396
93742
93742
499
93742
475
93742
499
475
93742
93742
499
396
93742
93742
499
475
396
475
93742
93742
499
93742
475
396
93742
475
93742
93742
93742
499
93742
93742
93742
396
500
93742
93742
500
396
93742
93742
500
93742
476
93742
93742
93742
500
93742
396
93742
476
396
93742
93742
93742
93742
93742
397
397
476
476
500
93742
500
397
500
500
500
93742
93742
93742
93742
397
93742
397
93742
93742
93742
93742
93742
476
93742
93742
397
476
500
93742
476
93742
93742
500
500
93742
502
502
476
397
93742
93742
93742
93742
397
93742
502
502
93742
479
479
397
93742
397
397
479
93742
397
479
397
479
479
502
93742
479
398
398
93742
93742
93742
398
479
93742
398
398
502
398
93742
398
502
93742
502
93742
398
479
479
502
502
479
93742
502
93742
398
502
93742
93742
93742
93742
398
398
398
93742
93742
502
398
479
479
479
93742
479
502
93742
479
93742
479
93742
93742
93742
93742
398
93742
93742
93742
479
93742
93742
398
484
93742
93742
484
93742
398
93742
93742
93742
93742
93742
484
398
93742
484
398
93742
484
93742
504
93742
93742
93742
93742
93742
484
93742
504
93742
402
93742
93742
93742
504
402
93742
402
93742
93742
504
93742
93742
93742
484
93742
402
93742
504
504
93742
402
93742
504
504
93742
93742
484
402
93742
93742
93742
93742
93742
93742
484
484
93742
93742
484
93742
93742
93742
402
504
93742
484
93742
402
93742
93742
93742
489
402
93742
504
93742
93742
93742
93742
504
93742
93742
505
93742
489
93742
93742
93742
93742
505
489
93742
93742
93742
489
404
404
93742
404
93742
404
404
93742
489
93742
93742
404
404
489
505
93742
489
505
93742
404
93742
404
93742
404
93742
93742
489
505
93742
93742
93742
93742
93742
93742
93742
93742
93742
93742
93742
93742
93742
93742
93742
93742
93742
93742
93742
93742
93742
93742
93742
93742
93742
93742
93742
93742
93742
0
1 
507
507
497
57305
406
497
406
406
406
508
508
57305
57305
508
57305
413
413
57305
57305
57305
57305
57305
57305
503
57305
413
57305
57305
57305
509
511
511
57305
57305
511
510
57305
57305
57305
57305
514
415
57305
57305
515
57305
512
512
57305
516
57305
57305
520
520
520
57305
517
57305
517
57305
426
527
517
527
57305
426
527
57305
527
57305
57305
57305
518
57305
528
57305
57305
57305
57305
57305
427
529
57305
529
521
521
57305
57305
531
521
57305
57305
57305
57305
428
57305
432
57305
438
57305
532
57305
439
57305
440
523
57305
533
57305
57305
524
444
444
444
57305
57305
57305
57305
525
525
525
525
447
57305
530
447
57305
57305
536
57305
57305
57305
57305
534
534
449
536
534
57305
57305
57305
541
449
57305
57305
57305
541
541
539
539
451
57305
451
57305
57305
57305
544
57305
451
542
451
542
544
451
57305
57305
57305
544
57305
57305
542
57305
543
452
452
545
57305
57305
543
57305
57305
57305
57305
57305
452
57305
57305
57305
454
454
57305
57305
556
547
547
57305
461
547
556
461
57305
547
547
461
556
556
57305
547
57305
548
57305
57305
462
57305
462
57305
557
462
548
462
548
57305
57305
548
557
57305
557
548
557
57305
557
462
57305
57305
462
462
548
462
57305
557
57305
57305
57305
57305
57305
551
57305
558
558
57305
57305
466
57305
466
558
558
551
57305
558
57305
57305
551
466
551
57305
551
57305
558
57305
551
57305
466
57305
57305
551
57305
57305
551
57305
57305
57305
553
466
57305
469
562
469
553
553
57305
553
562
469
469
562
57305
57305
57305
553
57305
57305
562
562
553
57305
562
57305
57305
553
469
469
553
469
57305
57305
553
57305
469
553
57305
469
469
469
57305
469
57305
469
57305
554
562
57305
57305
565
57305
471
57305
57305
57305
57305
471
57305
57305
57305
471
565
471
57305
565
57305
57305
57305
565
57305
471
565
554
57305
554
57305
57305
57305
554
565
57305
471
471
554
471
57305
471
471
565
57305
57305
471
57305
57305
57305
57305
57305
471
57305
57305
555
57305
57305
472
570
472
555
555
472
472
57305
472
555
570
57305
472
57305
555
57305
472
472
570
570
57305
472
57305
555
570
57305
570
472
555
57305
57305
472
57305
57305
57305
57305
57305
472
57305
57305
57305
570
57305
555
472
570
555
555
472
57305
555
57305
472
57305
570
570
57305
57305
570
570
57305
560
572
572
57305
57305
473
57305
473
57305
57305
57305
572
57305
57305
560
572
560
57305
57305
57305
57305
473
57305
57305
572
57305
57305
57305
560
57305
473
57305
473
572
57305
57305
57305
57305
560
473
572
572
572
560
57305
57305
57305
560
473
560
473
57305
572
57305
473
572
57305
57305
560
57305
560
57305
57305
572
57305
57305
57305
57305
573
561
57305
473
473
57305
573
57305
57305
474
474
573
57305
573
561
474
57305
57305
573
474
474
573
561
57305
57305
561
57305
573
57305
561
57305
57305
573
57305
57305
57305
57305
57305
57305
57305
474
561
474
57305
561
57305
57305
57305
573
561
573
57305
57305
57305
57305
474
573
57305
57305
561
57305
57305
574
57305
567
57305
474
567
57305
480
567
57305
567
57305
57305
57305
567
57305
480
57305
57305
57305
57305
574
57305
57305
57305
567
574
57305
57305
480
57305
57305
567
57305
480
574
57305
574
57305
567
567
57305
567
567
57305
574
480
57305
57305
574
567
567
57305
480
574
567
57305
57305
57305
480
57305
57305
57305
57305
57305
57305
482
575
57305
569
569
569
57305
482
57305
57305
57305
57305
482
482
575
482
57305
569
569
57305
575
482
575
575
57305
575
569
575
57305
569
569
482
57305
575
575
569
575
57305
569
57305
57305
482
569
57305
57305
482
57305
569
482
569
57305
57305
482
57305
482
575
57305
569
57305
483
57305
57305
57305
483
483
57305
576
57305
57305
57305
57305
57305
576
57305
576
576
57305
576
576
57305
576
57305
57305
576
57305
576
57305
57305
483
57305
57305
576
57305
57305
57305
576
483
57305
576
57305
576
483
483
57305
571
576
57305
57305
576
576
57305
57305
576
483
576
57305
57305
483
57305
483
483
57305
57305
57305
571
576
57305
576
576
57305
571
571
576
57305
571
571
576
57305
571
576
57305
571
57305
582
485
582
485
57305
57305
57305
57305
57305
57305
571
485
582
571
57305
57305
571
57305
57305
582
57305
57305
57305
582
57305
57305
57305
577
57305
57305
57305
577
57305
582
485
485
57305
57305
582
485
582
582
57305
57305
57305
485
57305
57305
582
582
57305
485
57305
57305
485
57305
577
57305
577
57305
582
577
582
57305
57305
57305
582
57305
57305
57305
57305
57305
486
577
57305
577
577
57305
584
577
577
57305
57305
577
486
57305
584
486
57305
57305
57305
57305
57305
579
57305
486
579
57305
486
57305
57305
57305
486
579
584
57305
579
584
486
57305
584
57305
486
57305
57305
486
584
579
579
584
57305
579
584
57305
486
584
584
57305
579
57305
57305
57305
486
57305
57305
57305
57305
57305
487
57305
487
584
487
579
57305
487
57305
57305
586
487
57305
586
579
579
57305
57305
579
57305
487
579
586
586
57305
57305
588
57305
588
57305
487
57305
588
57305
487
57305
57305
57305
57305
588
487
57305
57305
57305
57305
487
57305
57305
588
57305
57305
57305
487
57305
57305
588
57305
57305
487
487
57305
586
588
586
57305
57305
490
490
57305
588
57305
586
588
57305
57305
586
490
57305
57305
57305
57305
57305
57305
588
57305
490
57305
57305
588
490
490
588
57305
57305
589
590
57305
590
57305
57305
589
57305
57305
57305
57305
490
589
57305
57305
57305
490
57305
590
57305
57305
57305
490
590
490
490
589
57305
57305
491
589
57305
590
57305
590
491
57305
589
491
590
57305
57305
491
491
57305
57305
57305
589
590
590
589
57305
589
57305
589
57305
57305
590
57305
591
591
591
591
491
57305
491
57305
593
57305
57305
591
57305
57305
57305
491
57305
57305
57305
491
57305
591
57305
57305
593
591
591
492
57305
57305
57305
492
57305
591
492
591
593
57305
492
57305
57305
593
593
57305
57305
57305
57305
57305
57305
593
492
593
57305
593
591
492
57305
591
57305
593
57305
492
57305
592
57305
592
57305
57305
592
593
57305
492
593
592
492
492
57305
57305
57305
492
57305
492
57305
595
592
595
57305
57305
595
57305
492
57305
592
592
595
57305
57305
57305
493
57305
595
57305
57305
595
493
57305
57305
57305
57305
592
595
57305
493
493
57305
57305
595
493
57305
592
57305
595
57305
57305
592
592
57305
57305
57305
57305
493
57305
493
57305
57305
493
493
596
493
493
57305
596
57305
596
493
57305
57305
57305
493
493
600
57305
57305
493
57305
493
600
57305
57305
57305
57305
57305
57305
596
596
596
596
57305
496
496
496
600
600
596
57305
496
600
57305
57305
600
57305
600
57305
600
596
600
57305
57305
57305
57305
57305
57305
600
600
57305
596
496
57305
496
57305
57305
57305
57305
57305
57305
600
597
600
57305
57305
57305
57305
57305
57305
601
57305
57305
601
57305
57305
57305
597
57305
496
57305
498
601
57305
601
601
57305
601
57305
57305
57305
498
498
498
597
57305
57305
57305
597
597
57305
498
57305
57305
57305
57305
57305
601
601
57305
57305
57305
498
57305
57305
57305
57305
57305
604
57305
602
57305
57305
501
57305
604
57305
57305
604
57305
57305
602
57305
57305
602
602
501
57305
501
604
604
57305
501
57305
57305
501
57305
57305
57305
57305
605
57305
57305
506
57305
57305
57305
606
506
605
57305
506
606
506
57305
506
57305
57305
606
57305
57305
606
506
605
606
57305
57305
57305
606
606
57305
57305
57305
608
57305
609
57305
57305
57305
609
608
609
608
57305
57305
513
608
608
513
57305
609
57305
57305
57305
57305
609
609
608
57305
513
57305
513
609
57305
57305
616
513
57305
57305
612
57305
57305
57305
616
57305
612
57305
612
57305
57305
616
616
57305
57305
57305
57305
57305
519
57305
57305
618
57305
614
618
519
57305
57305
614
57305
519
57305
57305
57305
57305
57305
57305
615
57305
57305
522
57305
522
57305
620
57305
620
526
57305
57305
57305
57305
535
535
57305
621
57305
57305
622
57305
537
57305
625
626
57305
57305
538
57305
540
57305
546
57305
630
549
57305
57305
631
57305
636
57305
550
57305
645
57305
649
552
57305
655
552
57305
632
57305
57305
57305
657
657
57305
559
57305
57305
661
57305
633
663
563
663
57305
563
57305
57305
57305
666
57305
57305
635
57305
668
668
638
564
57305
57305
564
564
57305
57305
641
57305
57305
566
57305
669
669
57305
57305
57305
671
57305
568
57305
643
578
57305
57305
644
57305
674
646
674
57305
675
57305
580
57305
675
57305
647
57305
647
647
57305
57305
680
680
57305
648
680
648
57305
57305
57305
683
57305
650
683
683
57305
650
650
57305
57305
57305
687
57305
57305
57305
581
57305
57305
57305
688
688
57305
583
57305
57305
690
57305
651
694
585
57305
57305
57305
587
57305
698
594
57305
652
57305
703
598
57305
653
598
57305
653
57305
57305
599
57305
57305
599
599
599
57305
705
654
603
57305
603
705
705
57305
57305
654
57305
708
708
57305
603
57305
57305
57305
607
57305
57305
656
708
57305
57305
712
57305
57305
610
57305
57305
57305
57305
713
57305
658
57305
611
57305
613
57305
617
667
667
714
57305
57305
619
714
670
714
57305
619
619
57305
57305
716
57305
57305
57305
57305
716
716
57305
716
677
716
623
57305
57305
677
57305
57305
57305
57305
623
722
679
623
722
679
623
623
623
679
57305
57305
57305
722
57305
726
57305
57305
681
57305
57305
681
726
57305
57305
57305
726
726
57305
57305
726
57305
681
57305
682
57305
682
57305
682
728
728
57305
728
57305
57305
57305
682
57305
57305
57305
728
57305
624
731
624
731
685
624
57305
624
731
57305
57305
731
685
624
57305
624
57305
57305
733
57305
57305
733
685
57305
57305
57305
627
57305
691
627
57305
627
57305
733
57305
57305
57305
57305
57305
741
741
627
741
57305
628
57305
628
693
628
741
693
57305
57305
693
741
57305
57305
57305
57305
57305
628
57305
744
629
629
629
57305
693
57305
629
629
695
57305
744
57305
57305
744
629
744
57305
629
57305
695
744
57305
57305
57305
57305
695
748
748
57305
748
695
57305
748
57305
695
695
748
748
695
634
57305
748
634
634
57305
57305
57305
57305
57305
748
57305
57305
57305
634
748
57305
57305
699
750
699
57305
57305
57305
634
57305
57305
699
57305
57305
57305
57305
750
750
750
57305
57305
57305
750
750
57305
57305
637
750
699
750
750
750
637
637
637
637
57305
699
750
57305
750
750
57305
750
57305
57305
57305
57305
57305
57305
57305
57305
701
57305
57305
57305
57305
701
57305
701
57305
639
57305
57305
639
701
57305
639
57305
57305
701
57305
57305
57305
57305
57305
752
57305
704
57305
57305
57305
57305
57305
57305
57305
57305
57305
0
1 
757
53367
761
761
640
53367
706
764
53367
53367
53367
53367
642
642
709
53367
53367
767
709
53367
53367
768
53367
659
659
718
53367
659
718
53367
53367
53367
770
53367
53367
53367
771
724
53367
724
775
53367
725
660
725
660
53367
660
53367
725
660
53367
53367
777
727
777
662
53367
727
53367
53367
53367
662
727
53367
777
53367
53367
779
53367
730
730
53367
53367
664
730
53367
53367
53367
53367
730
730
53367
53367
53367
734
53367
53367
734
53367
734
53367
53367
735
780
53367
53367
665
736
665
665
53367
53367
53367
738
738
786
672
53367
786
53367
53367
672
53367
53367
53367
53367
53367
791
53367
740
53367
797
53367
673
53367
749
676
802
53367
53367
53367
678
53367
804
53367
805
805
751
751
53367
53367
53367
684
53367
684
684
806
756
756
684
53367
756
756
53367
756
686
53367
53367
808
686
808
808
686
53367
808
53367
53367
53367
686
53367
53367
808
759
759
53367
759
808
53367
809
53367
759
689
809
53367
689
809
689
809
53367
759
809
53367
689
759
809
53367
759
53367
53367
53367
762
762
809
809
809
809
762
53367
53367
762
762
762
689
53367
762
53367
53367
815
762
53367
762
692
692
53367
692
53367
53367
53367
53367
815
53367
53367
692
53367
815
53367
692
762
53367
692
53367
53367
815
53367
815
53367
763
692
692
53367
763
815
692
53367
53367
815
53367
53367
692
53367
53367
763
763
815
53367
815
763
53367
53367
53367
763
53367
53367
763
696
53367
53367
53367
53367
53367
53367
696
696
696
53367
696
53367
817
53367
53367
696
53367
53367
53367
53367
817
765
53367
765
53367
53367
53367
53367
53367
53367
53367
817
53367
53367
817
53367
53367
817
697
53367
53367
697
53367
765
765
697
53367
765
697
697
817
817
53367
53367
697
697
697
765
53367
53367
820
53367
766
53367
53367
53367
766
766
766
53367
53367
820
820
700
53367
53367
53367
53367
53367
766
766
700
766
766
820
820
53367
53367
766
700
53367
820
53367
820
53367
820
53367
700
820
700
766
766
700
53367
766
53367
53367
700
53367
700
769
53367
700
700
53367
53367
825
769
53367
53367
53367
769
53367
825
53367
53367
769
53367
53367
702
53367
769
825
53367
53367
702
53367
53367
702
53367
825
53367
53367
53367
53367
769
53367
53367
53367
702
769
53367
769
53367
702
825
825
702
702
702
53367
53367
53367
53367
827
53367
772
53367
53367
53367
53367
707
53367
707
53367
53367
53367
827
53367
53367
707
707
53367
772
772
53367
53367
53367
827
53367
772
772
53367
772
772
53367
53367
707
772
707
707
707
53367
53367
53367
53367
710
53367
830
53367
830
710
53367
710
53367
710
53367
53367
53367
53367
53367
53367
830
830
830
53367
830
53367
830
830
710
53367
53367
776
53367
830
710
710
830
53367
53367
830
711
830
776
53367
711
53367
53367
776
711
53367
711
53367
831
711
831
711
711
831
711
831
776
53367
53367
53367
53367
711
711
831
53367
53367
53367
53367
53367
53367
53367
53367
778
53367
53367
778
778
53367
715
53367
53367
715
53367
53367
53367
831
778
53367
778
832
778
832
53367
832
778
53367
778
53367
715
715
778
832
715
53367
53367
53367
715
53367
53367
53367
53367
53367
715
53367
782
715
782
53367
53367
53367
53367
717
53367
832
832
717
53367
782
832
53367
832
53367
782
782
53367
717
717
782
782
53367
717
782
717
53367
53367
834
834
53367
53367
782
782
53367
717
717
53367
53367
717
834
53367
717
53367
834
53367
717
53367
53367
53367
834
717
53367
53367
53367
783
53367
834
53367
834
53367
53367
53367
783
53367
53367
53367
834
53367
783
53367
719
53367
783
53367
719
834
719
53367
53367
53367
783
53367
719
719
719
835
53367
53367
53367
53367
783
719
53367
783
783
783
783
53367
783
53367
719
53367
53367
53367
53367
53367
53367
53367
835
53367
53367
53367
720
835
785
53367
720
835
53367
720
53367
53367
720
835
53367
53367
53367
53367
720
53367
53367
836
53367
836
53367
53367
53367
720
720
785
720
836
836
785
785
720
720
53367
53367
836
53367
720
53367
720
836
785
836
53367
785
785
721
53367
836
53367
836
789
789
789
721
53367
53367
789
836
721
721
789
53367
53367
53367
836
53367
53367
838
53367
53367
53367
789
721
789
789
53367
53367
838
53367
53367
53367
721
53367
53367
721
838
53367
721
53367
721
721
53367
53367
53367
53367
53367
53367
53367
53367
838
723
53367
789
53367
838
723
789
789
53367
723
790
53367
790
53367
723
53367
53367
838
723
53367
790
53367
53367
723
723
53367
53367
53367
53367
723
723
790
790
53367
790
53367
53367
790
840
53367
840
53367
723
840
790
790
840
723
790
53367
53367
53367
723
53367
53367
840
790
53367
723
790
840
723
840
840
53367
53367
53367
53367
53367
790
53367
729
53367
53367
53367
792
840
729
53367
840
792
53367
53367
792
53367
53367
792
53367
53367
53367
840
729
792
53367
840
840
53367
53367
53367
840
53367
53367
53367
53367
729
53367
792
842
53367
53367
53367
792
53367
53367
792
842
53367
729
53367
53367
53367
53367
53367
53367
53367
842
53367
792
53367
792
53367
732
798
732
842
53367
53367
798
732
53367
53367
53367
53367
732
53367
53367
732
798
732
842
53367
53367
53367
53367
842
53367
842
842
53367
732
798
798
732
53367
845
53367
53367
732
845
798
53367
53367
53367
732
845
845
53367
53367
732
53367
53367
53367
737
737
801
53367
53367
53367
801
53367
53367
737
845
737
801
737
53367
845
845
53367
53367
53367
801
801
53367
53367
801
845
53367
845
737
53367
53367
801
53367
737
845
801
53367
801
851
53367
801
53367
737
851
53367
851
737
53367
53367
801
851
737
801
53367
53367
53367
53367
739
53367
53367
851
53367
739
53367
807
53367
53367
739
53367
53367
739
53367
739
53367
851
53367
807
53367
807
807
739
53367
851
807
53367
53367
851
739
739
807
53367
739
851
851
53367
851
53367
807
851
53367
739
807
807
851
53367
739
851
739
807
53367
53367
53367
53367
852
53367
53367
53367
852
53367
53367
739
53367
53367
53367
742
807
807
53367
807
742
852
852
53367
53367
53367
852
53367
53367
742
852
53367
53367
53367
53367
852
53367
742
53367
813
742
742
852
53367
53367
53367
53367
852
53367
53367
813
53367
53367
53367
742
53367
53367
53367
53367
53367
53367
742
742
53367
852
53367
742
813
742
742
53367
53367
856
53367
53367
53367
53367
743
53367
53367
53367
813
53367
813
53367
53367
53367
53367
743
53367
743
856
813
856
53367
53367
743
743
814
53367
743
53367
53367
53367
53367
856
856
53367
814
53367
53367
53367
53367
53367
53367
856
53367
53367
814
53367
53367
814
814
745
814
53367
53367
858
53367
814
745
858
53367
53367
745
814
53367
53367
53367
858
814
745
53367
53367
816
816
816
53367
816
858
53367
53367
816
745
53367
745
745
53367
53367
858
745
53367
53367
816
858
816
53367
53367
53367
746
816
861
53367
53367
816
746
816
861
53367
53367
746
816
746
861
861
53367
53367
861
53367
816
746
53367
746
861
53367
53367
53367
53367
53367
861
53367
818
861
53367
818
53367
53367
861
861
53367
53367
53367
53367
53367
861
53367
861
747
53367
863
53367
53367
747
863
53367
747
863
53367
863
53367
53367
53367
53367
53367
53367
818
747
747
863
53367
818
863
863
747
818
818
747
863
53367
53367
53367
747
53367
53367
53367
863
53367
53367
53367
53367
53367
747
747
53367
753
53367
753
753
53367
53367
53367
53367
821
53367
753
753
753
872
53367
53367
821
821
872
872
53367
821
53367
53367
53367
53367
53367
872
872
53367
53367
53367
53367
53367
53367
53367
53367
53367
53367
53367
821
754
821
53367
53367
53367
53367
53367
754
53367
53367
822
53367
53367
53367
754
53367
53367
754
822
53367
53367
755
874
822
874
874
53367
53367
874
53367
823
755
53367
755
823
53367
53367
823
823
53367
823
823
53367
53367
878
878
53367
878
758
53367
53367
53367
824
53367
758
53367
758
53367
53367
53367
878
53367
53367
824
758
53367
758
53367
53367
824
53367
760
53367
53367
53367
53367
53367
53367
760
53367
760
881
53367
760
826
53367
53367
53367
53367
883
883
53367
883
53367
883
53367
53367
828
53367
773
773
773
53367
885
53367
53367
53367
53367
774
774
885
53367
53367
53367
53367
829
53367
833
53367
837
53367
781
53367
887
53367
894
894
53367
784
53367
53367
844
53367
787
53367
848
53367
788
53367
853
897
897
897
793
53367
854
53367
793
53367
53367
900
53367
53367
855
53367
794
53367
794
794
902
53367
53367
795
902
53367
53367
53367
53367
53367
796
53367
904
799
904
799
53367
908
857
53367
800
53367
53367
53367
53367
911
911
53367
859
911
859
53367
53367
53367
914
53367
914
53367
53367
920
862
53367
862
53367
923
53367
865
53367
865
803
865
53367
924
53367
53367
53367
53367
53367
810
810
810
926
53367
53367
53367
866
926
53367
811
866
53367
811
53367
811
927
53367
53367
53367
53367
870
870
927
870
870
53367
53367
53367
812
53367
53367
928
53367
53367
53367
930
819
53367
53367
932
53367
933
53367
938
938
839
938
53367
53367
839
53367
53367
841
942
871
871
53367
53367
871
53367
53367
53367
53367
843
53367
873
873
53367
53367
875
944
53367
879
944
53367
53367
53367
846
53367
847
847
886
847
886
53367
849
53367
53367
946
53367
53367
53367
53367
850
53367
860
951
53367
888
951
951
888
53367
888
53367
890
53367
53367
53367
53367
53367
953
53367
864
53367
955
891
867
53367
53367
867
960
867
53367
53367
53367
892
868
868
53367
53367
961
53367
53367
53367
962
53367
967
53367
869
53367
893
876
53367
895
973
973
973
973
53367
877
53367
53367
53367
53367
53367
898
898
898
53367
880
53367
53367
975
53367
975
899
53367
975
899
899
53367
53367
53367
979
979
979
53367
903
53367
53367
53367
53367
882
53367
882
53367
882
980
53367
980
884
980
884
884
53367
884
905
884
980
980
905
905
905
905
905
980
53367
884
884
884
980
905
53367
983
905
905
53367
53367
53367
983
983
889
983
53367
53367
889
53367
983
53367
53367
983
909
983
983
983
983
889
983
889
909
983
983
889
53367
909
53367
53367
983
909
53367
53367
53367
889
53367
53367
983
53367
983
53367
53367
983
53367
53367
53367
889
909
53367
909
889
889
53367
986
986
909
53367
986
53367
53367
909
986
53367
53367
896
53367
53367
909
53367
916
896
986
986
986
896
53367
53367
53367
986
896
896
896
53367
53367
53367
896
53367
53367
916
986
916
53367
986
916
916
53367
916
986
53367
986
53367
53367
986
986
916
916
53367
896
916
53367
53367
53367
53367
53367
53367
53367
53367
53367
53367
53367
53367
53367
53367
53367
53367
53367
53367
53367
53367
53367
53367
53367
53367
53367
53367
53367
53367
53367
53367
53367
53367
53367
53367
53367
53367
53367
53367
53367
53367
53367
53367
53367
0
0 
917
37111
987
921
37111
37111
922
37111
931
901
901
37111
989
37111
37111
37111
937
37111
991
37111
906
992
37111
37111
907
37111
910
996
37111
37111
912
940
37111
37111
943
943
37111
37111
913
945
945
37111
37111
915
999
949
999
37111
949
915
37111
999
949
949
949
37111
37111
954
954
37111
954
1004
37111
918
918
37111
918
37111
918
918
1004
37111
954
37111
918
1004
954
37111
37111
37111
37111
37111
37111
1005
37111
1005
1005
37111
1005
1005
1005
37111
919
37111
956
956
919
956
37111
919
37111
37111
956
37111
1005
1005
37111
37111
919
37111
37111
919
1016
37111
37111
919
37111
956
956
1016
956
1016
37111
37111
37111
925
37111
925
37111
925
37111
925
37111
925
957
37111
925
925
957
37111
37111
37111
1016
1016
37111
37111
1017
957
37111
37111
37111
37111
37111
37111
957
1017
37111
37111
957
957
37111
957
957
37111
1017
37111
958
1017
37111
1017
37111
37111
37111
1017
958
37111
37111
929
37111
958
929
37111
37111
1022
1022
1022
37111
958
37111
929
958
1022
37111
958
1022
1022
1022
958
958
929
1022
37111
929
1022
929
1022
1022
929
958
1022
37111
929
958
1022
37111
37111
963
37111
37111
1022
1022
37111
37111
37111
963
37111
1022
963
963
934
37111
963
1027
37111
37111
934
37111
37111
37111
934
37111
1027
37111
1027
37111
37111
37111
37111
963
1027
1027
37111
963
37111
963
1027
963
37111
37111
37111
37111
37111
1027
37111
37111
934
934
37111
37111
1027
37111
37111
1027
37111
37111
934
934
37111
37111
37111
964
934
1027
37111
934
1027
934
934
37111
1027
37111
37111
37111
964
37111
37111
37111
37111
1031
935
935
935
1031
37111
37111
37111
37111
37111
935
1031
37111
37111
1031
935
935
1031
37111
935
37111
37111
964
37111
37111
37111
37111
1031
935
964
935
37111
37111
935
965
37111
37111
935
1031
965
1031
37111
37111
37111
37111
37111
37111
935
37111
935
37111
965
37111
37111
1032
37111
37111
965
1032
37111
965
965
37111
965
1032
37111
1032
37111
37111
37111
37111
936
37111
965
37111
965
37111
965
37111
936
37111
936
1032
37111
37111
966
37111
966
37111
936
1032
37111
37111
936
37111
37111
966
1032
37111
37111
966
37111
1037
936
936
37111
37111
37111
936
37111
37111
37111
939
37111
939
37111
966
37111
37111
966
37111
37111
37111
37111
1037
37111
970
1037
37111
37111
37111
939
37111
37111
970
37111
37111
37111
1038
37111
970
939
939
37111
37111
1038
1038
37111
1038
37111
37111
1038
37111
976
976
37111
1038
37111
976
37111
37111
1043
941
976
1043
37111
37111
976
37111
941
1043
37111
941
37111
1043
37111
37111
37111
37111
941
37111
941
941
37111
37111
37111
37111
37111
37111
37111
1052
1052
1052
947
37111
37111
37111
37111
977
37111
977
37111
947
37111
947
37111
37111
947
947
947
37111
977
37111
981
1053
37111
1053
1053
948
37111
37111
981
37111
37111
37111
981
37111
948
37111
948
37111
984
37111
1054
1054
37111
984
37111
1054
984
984
950
37111
37111
37111
984
37111
984
1054
37111
37111
37111
37111
950
37111
950
37111
950
1056
37111
37111
952
1056
985
37111
37111
985
952
952
37111
1056
37111
1056
37111
37111
37111
952
37111
1061
37111
37111
959
959
37111
1061
37111
37111
959
959
959
959
37111
993
959
37111
37111
993
1061
37111
37111
993
37111
37111
993
37111
1062
37111
37111
37111
37111
968
37111
968
37111
37111
968
995
37111
37111
37111
37111
37111
969
37111
37111
37111
971
971
997
997
37111
997
37111
1067
972
37111
1067
37111
37111
37111
1000
972
37111
37111
974
1000
37111
37111
974
37111
37111
37111
1072
37111
1001
37111
1074
1002
978
37111
37111
37111
982
37111
988
37111
1006
990
1006
37111
37111
37111
994
37111
998
37111
1007
37111
1075
1075
1003
37111
1078
37111
37111
37111
1008
1008
37111
37111
1010
1083
1010
1083
1083
37111
37111
1090
37111
1090
37111
37111
1009
37111
1091
37111
1091
1091
1091
37111
1011
37111
37111
37111
37111
37111
1092
1092
37111
37111
1099
37111
1100
1100
1012
37111
37111
37111
1106
1013
1014
37111
1014
1109
1014
1013
37111
37111
37111
1109
37111
37111
37111
1111
37111
37111
1018
37111
1015
37111
1023
1019
37111
1019
1019
1024
1024
1019
1114
37111
37111
37111
37111
37111
37111
1114
37111
1025
1116
37111
1020
37111
1020
37111
37111
1026
1026
1026
1117
1117
37111
37111
37111
37111
1021
37111
1021
1021
37111
37111
1028
37111
1123
1123
1029
1029
37111
37111
1029
1029
1030
1030
1123
37111
1030
1029
1030
37111
37111
37111
37111
1035
37111
37111
37111
37111
1035
37111
37111
1033
37111
37111
37111
1125
37111
37111
1138
1138
37111
37111
1039
37111
1034
1041
1142
1034
37111
37111
37111
37111
1036
1036
37111
37111
1143
1045
1045
1040
37111
37111
37111
37111
1151
37111
1042
1046
1042
1046
1153
1042
37111
1153
37111
1044
1044
1044
1044
1047
1153
37111
1153
1047
1153
1047
1153
1153
37111
1153
1047
1153
1047
1047
37111
37111
37111
1044
37111
37111
37111
1156
1156
1048
1047
1156
37111
37111
37111
1048
37111
1048
1048
1156
1049
1049
1156
37111
37111
1049
1049
37111
37111
1049
1156
1156
37111
37111
1156
37111
37111
37111
37111
37111
37111
1048
37111
37111
1049
37111
37111
1161
1051
37111
1049
1161
1161
1049
1049
1051
1161
37111
1049
1161
1051
37111
37111
1049
1049
1049
37111
1050
1050
1161
1051
1050
37111
1051
1050
37111
1050
1050
1050
1050
37111
1051
37111
37111
1161
37111
1050
1050
37111
37111
1050
1050
37111
1050
37111
37111
1051
1051
1050
37111
37111
37111
1165
1165
37111
1165
1165
37111
1165
1059
37111
1165
1165
1050
37111
1059
37111
37111
37111
1050
37111
37111
1165
37111
1059
1059
1059
37111
37111
37111
37111
37111
1055
37111
1059
37111
37111
1059
37111
1165
37111
1165
37111
1059
1055
37111
37111
37111
37111
37111
37111
1059
37111
1165
1055
1055
37111
1059
1165
1165
1165
1059
37111
1055
37111
1059
1059
37111
37111
1055
37111
1059
37111
37111
1055
37111
37111
37111
1055
1063
1063
37111
1167
1063
37111
1055
37111
37111
1063
1167
1063
37111
1055
1167
1055
37111
37111
37111
1167
1055
37111
1167
37111
1167
1063
37111
1057
37111
1167
37111
1063
1063
37111
37111
37111
37111
37111
1057
37111
1167
1063
1063
37111
37111
37111
37111
37111
37111
1063
1057
1057
37111
37111
37111
1057
1063
37111
37111
1063
37111
1167
1063
37111
1069
37111
37111
37111
1069
1057
1069
37111
37111
37111
37111
37111
1057
1069
1069
37111
1168
37111
37111
1168
37111
37111
37111
1057
1069
37111
37111
37111
1168
37111
1069
37111
37111
1058
37111
1069
37111
37111
1069
1168
1058
1168
1058
37111
1069
37111
1168
1069
1058
37111
37111
1069
1168
1069
37111
1168
37111
1058
37111
37111
1058
37111
37111
37111
1077
37111
37111
1058
1077
1168
37111
1058
37111
1077
37111
37111
1077
1172
37111
1077
1172
1172
37111
37111
37111
1172
1058
1058
1172
1172
37111
1172
37111
37111
1060
1172
1172
1077
1077
1060
1172
37111
1060
37111
37111
37111
1060
37111
37111
1060
37111
1172
1172
1172
37111
37111
1060
37111
1077
1077
37111
1172
37111
37111
1077
37111
1172
1077
1060
37111
1060
37111
37111
37111
1060
1172
1079
37111
1060
1079
37111
1060
1079
37111
37111
1060
37111
37111
37111
1060
37111
37111
1193
37111
37111
37111
37111
37111
37111
1064
1193
37111
1193
37111
1193
37111
1064
37111
37111
1064
37111
37111
1193
1064
37111
37111
1193
37111
1064
1079
1193
1193
1193
1079
1064
37111
1079
1079
1079
37111
37111
37111
37111
37111
37111
1079
1079
37111
37111
37111
1064
37111
1079
37111
37111
1193
37111
1064
1064
37111
37111
1193
37111
37111
37111
1080
1080
1080
1193
1193
37111
37111
37111
37111
37111
1080
37111
37111
37111
37111
1065
37111
37111
37111
1065
1065
37111
1080
1080
37111
1080
1080
1196
37111
1065
1080
37111
1080
1065
37111
37111
1065
1080
37111
1065
1065
1196
1080
1065
37111
37111
1065
37111
1080
1065
1065
37111
1080
1196
1080
37111
37111
37111
1065
37111
37111
1080
1080
37111
37111
1196
37111
1196
1196
37111
1065
1082
1082
37111
37111
1196
1082
37111
1082
37111
37111
37111
37111
37111
37111
37111
1197
37111
1197
1082
1066
37111
37111
37111
37111
1197
1066
37111
1066
1082
37111
37111
1197
37111
1082
37111
37111
1082
1082
1066
1197
1066
37111
1197
37111
37111
1066
1197
37111
1197
1066
37111
37111
37111
1066
37111
37111
37111
37111
1066
1197
37111
1197
1066
1066
1066
37111
1082
37111
37111
1066
1197
37111
1066
37111
1085
1066
1085
1085
37111
37111
1066
1066
1066
1085
37111
1199
37111
1085
37111
37111
37111
1085
1085
1085
37111
37111
1068
37111
37111
1199
37111
37111
37111
37111
1068
37111
37111
1085
1085
37111
37111
1199
37111
37111
1085
37111
37111
1085
1199
37111
37111
1068
1068
37111
37111
1068
37111
37111
37111
37111
1068
1068
37111
37111
1085
1068
37111
37111
1199
37111
37111
1199
37111
37111
1068
37111
37111
1086
1068
37111
1201
37111
37111
1068
1068
37111
1201
37111
1201
1086
37111
1201
37111
1070
1086
37111
1070
37111
37111
1201
37111
1070
1201
37111
37111
37111
1070
1086
1086
1201
37111
37111
1201
1086
37111
1086
1070
37111
37111
1201
1070
37111
37111
1086
37111
1070
1201
37111
37111
37111
37111
1070
1201
1070
37111
1087
37111
1202
37111
37111
1202
1202
37111
1070
37111
37111
1087
37111
1087
37111
1202
37111
37111
1087
1071
37111
37111
1087
37111
37111
37111
1087
37111
1202
37111
37111
37111
37111
1071
1087
1071
37111
37111
1202
37111
37111
37111
1087
1071
37111
1202
37111
37111
1071
1071
37111
1071
37111
1203
37111
1203
1071
37111
1088
37111
37111
1203
1088
37111
1088
37111
1088
37111
1088
37111
1203
1088
1073
1088
37111
1073
37111
37111
1088
37111
1073
1088
1203
37111
37111
1073
1073
37111
37111
1073
1073
1073
37111
37111
1088
1073
37111
37111
37111
1073
1073
37111
37111
37111
37111
1073
1204
37111
37111
1089
37111
1089
1089
1073
37111
1089
1089
37111
1073
1204
1204
1073
37111
37111
1089
37111
37111
37111
37111
37111
37111
37111
1089
1089
37111
1204
1204
1076
37111
37111
37111
37111
1204
1089
1089
1076
1204
1089
1089
37111
1204
37111
37111
37111
37111
1089
37111
1089
37111
37111
1095
1076
1095
1095
37111
1076
37111
1076
37111
37111
1076
1095
1095
1207
37111
1095
1095
1076
1207
37111
1207
37111
37111
1095
37111
1076
1095
37111
1076
37111
37111
37111
1076
37111
37111
37111
37111
37111
1207
37111
1095
37111
1207
1081
37111
1081
37111
37111
37111
37111
37111
37111
37111
1081
1096
37111
37111
37111
37111
37111
37111
37111
37111
37111
1208
1096
37111
37111
1096
37111
1081
37111
1096
37111
37111
1081
1208
1096
37111
37111
37111
37111
1096
37111
37111
1208
37111
37111
37111
37111
37111
37111
1084
1213
37111
37111
37111
1213
1084
1213
37111
37111
37111
37111
37111
37111
1098
37111
37111
1098
37111
37111
1103
37111
1214
37111
1093
1215
37111
1094
37111
37111
1104
1104
37111
37111
1097
1107
1217
37111
1217
37111
1101
37111
37111
37111
1120
37111
1224
37111
1102
1225
1121
1225
1225
37111
37111
1121
1105
1121
37111
37111
1232
1232
37111
1232
1105
1232
1232
37111
37111
1232
1131
1131
1131
37111
37111
37111
37111
37111
1108
1238
1131
37111
1131
1108
1131
37111
1131
37111
37111
37111
1108
37111
1132
1132
37111
37111
1239
1132
1239
37111
37111
37111
1239
37111
1110
1239
37111
1132
37111
37111
37111
37111
1134
1243
37111
37111
37111
37111
37111
1134
1243
1134
37111
37111
37111
37111
37111
1112
37111
37111
1113
1135
37111
37111
0
