25 18
20 20 4 11 11 21 7 8 4 23 23 16 11 7 22 24 21 13 
387
9 7 2
25 2 9
19 22 7
16 24 7
1 7 10
4 8 3
6 10 2
12 9 6
8 17 1
15 20 7
8 2 1
18 9 4
9 24 5
18 17 8
7 4 2
12 20 1
20 23 10
17 19 4
22 6 2
16 7 8
17 10 2
9 12 2
25 17 6
13 9 2
2 3 6
6 13 1
22 14 2
2 22 7
9 6 5
20 14 3
12 11 5
8 13 6
2 5 5
10 3 3
2 2 8
20 21 2
24 5 6
9 1 4
4 24 4
15 11 2
13 9 4
5 7 10
9 10 6
8 5 2
20 17 1
11 20 2
23 23 1
25 21 8
14 2 8
9 7 9
9 22 7
23 4 9
6 9 3
12 10 3
3 13 1
20 11 3
15 11 6
17 6 3
6 21 8
1 3 7
19 21 4
14 10 2
15 10 4
11 23 2
24 23 9
24 9 2
25 23 7
17 1 8
7 7 9
9 23 5
21 6 2
19 18 7
23 12 10
23 20 7
2 24 4
3 13 8
1 10 10
9 25 3
22 14 8
11 3 1
22 13 7
17 2 3
14 22 6
22 2 8
4 22 6
24 23 3
13 21 3
16 14 3
20 1 5
13 6 9
21 12 4
4 21 2
21 17 9
17 10 1
21 21 9
20 11 7
17 15 6
24 2 10
18 22 8
20 25 10
5 25 1
18 5 6
20 12 2
20 24 10
19 14 9
24 22 5
25 16 7
24 21 1
9 12 8
10 7 6
21 2 1
5 25 3
8 6 7
16 2 10
21 25 9
16 12 7
16 12 3
14 17 8
22 22 10
18 18 3
1 24 9
8 18 8
1 9 2
20 2 6
9 24 3
25 15 3
3 12 4
3 13 1
8 8 6
12 4 10
21 8 7
7 15 9
22 5 4
2 16 7
14 15 2
20 6 7
4 8 5
23 9 6
2 13 5
9 13 10
11 6 1
16 18 6
7 10 3
23 10 4
11 2 9
18 11 2
6 12 9
8 13 9
25 8 7
25 25 2
4 1 4
20 1 1
23 11 9
24 8 7
24 9 1
3 18 10
9 7 6
18 15 9
2 1 4
11 3 8
7 13 3
7 4 5
14 18 5
16 13 3
18 1 6
24 21 9
24 13 1
17 14 4
9 3 4
8 24 6
19 25 8
7 21 9
1 5 9
22 12 6
18 7 2
4 10 10
16 18 4
8 8 9
11 22 4
13 9 10
16 7 1
17 25 3
11 18 3
12 9 2
20 1 10
1 12 10
1 15 2
8 23 6
23 16 4
25 4 8
12 20 4
24 2 5
17 22 7
25 8 3
6 14 3
15 18 2
24 22 8
5 18 9
12 19 10
10 8 4
14 8 6
2 13 1
19 19 9
7 7 8
22 21 1
15 18 7
11 11 4
18 18 10
20 15 8
8 24 1
8 9 4
13 11 2
6 19 1
3 21 4
11 16 4
17 20 10
11 14 5
19 24 1
16 11 1
17 18 1
22 21 6
11 18 10
15 14 2
25 5 10
20 22 10
5 3 8
11 23 3
19 1 9
8 25 2
18 24 3
15 7 7
4 6 8
9 21 7
23 19 1
6 16 8
14 6 6
2 17 2
2 1 5
18 25 3
20 9 3
23 10 5
4 10 1
7 3 9
23 13 7
15 6 5
6 8 7
19 12 1
5 24 9
5 1 2
10 7 10
9 12 2
1 13 2
11 19 9
4 21 5
16 4 4
4 18 8
4 10 5
15 17 7
21 2 9
8 6 3
6 18 7
16 23 5
17 24 4
17 21 10
5 21 4
9 19 2
21 25 7
11 7 4
7 24 8
15 1 5
6 3 1
9 23 2
8 16 8
5 16 1
23 4 1
9 6 5
13 6 8
10 4 9
23 20 5
23 6 5
12 3 5
13 11 4
11 17 8
20 20 5
24 5 8
8 3 10
21 11 9
6 4 6
21 10 8
18 13 2
25 22 8
3 23 8
19 22 10
4 25 4
8 25 2
14 5 8
24 5 1
22 23 6
7 19 7
8 18 6
25 14 9
13 6 3
7 16 2
1 18 5
11 7 6
14 7 1
18 17 10
1 8 6
24 1 5
18 23 4
20 24 3
12 16 4
3 23 10
10 13 10
3 18 5
7 21 4
20 5 4
8 13 7
5 9 2
12 15 6
6 14 4
14 10 4
16 12 3
11 8 10
23 1 1
4 17 5
15 21 8
1 11 9
24 24 1
3 21 4
2 10 7
21 4 3
19 17 8
13 16 7
21 7 9
5 11 6
7 23 3
5 10 4
2 5 3
25 18 5
16 20 10
20 12 4
5 22 7
7 19 2
12 22 6
25 5 3
16 20 7
13 5 2
7 12 10
21 8 5
16 6 7
2 15 6
22 3 1
9 18 2
10 7 2
23 16 2
5 1 8
18 20 10
21 24 6
5 19 4
8 6 7
9 18 5
1 24 1
6 7 1
1 12 7
5 17 10
14 12 4
19 14 1
18 7 1
13 24 9
12 21 6
2 17 4
23 20 8
6 7 7
9 22 3
23 24 8
25 15 8
21 3 3
13 24 10
1 9 9
19 23 7
14 1 7
3 13 2
15 7 3
17 5 7
3 10 4
20 6 5
60
14 33
21 40
14 72
14 39
12 80
22 46
1 99
3 59
12 93
16 81
25 37
14 41
12 50
14 77
17 82
22 100
4 30
22 58
17 59
17 80
16 30
20 41
20 96
9 39
13 46
7 86
14 91
7 41
11 95
2 65
21 39
21 68
6 91
6 48
22 100
2 60
9 49
14 30
14 84
21 74
17 95
4 89
23 88
23 59
10 65
1 80
22 82
21 55
13 88
7 46
8 43
9 73
17 68
22 78
3 30
9 65
6 32
12 90
15 95
3 42
