25 16
8 18 8 15 24 23 1 24 2 1 24 17 25 18 6 19 
421
9 2 1
2 16 6
23 17 5
9 19 2
21 1 3
1 19 7
1 8 6
18 8 5
8 23 10
14 1 6
2 3 3
8 4 2
14 5 4
16 13 5
3 16 7
16 11 7
6 23 3
25 2 2
12 11 7
12 2 8
12 7 7
8 10 7
18 1 1
13 10 5
13 4 10
8 10 10
25 25 5
9 12 1
16 16 3
15 5 2
17 6 4
25 2 7
4 12 5
10 5 4
4 23 5
10 17 5
18 15 10
1 13 6
25 8 4
25 9 4
24 14 1
22 18 9
10 20 1
14 9 6
19 25 5
18 17 10
17 13 2
18 14 6
15 19 7
12 12 1
1 24 7
24 7 1
22 14 4
4 4 3
18 22 7
18 3 2
23 1 3
8 11 4
21 14 7
6 22 4
10 24 1
8 12 4
16 6 4
1 8 10
2 20 5
7 16 2
21 24 7
1 9 8
24 20 9
21 23 10
22 12 3
6 25 9
23 7 4
14 11 3
11 1 7
14 8 10
13 6 6
24 11 1
3 25 9
4 4 7
3 5 1
14 20 8
3 8 9
10 20 8
20 20 5
24 22 9
9 3 6
14 2 4
20 13 2
19 16 1
22 21 3
5 5 6
18 21 7
8 14 8
23 12 7
2 15 8
1 25 9
12 2 8
11 8 9
21 17 7
9 13 2
9 22 3
23 1 6
12 2 9
4 22 3
24 9 10
12 4 3
15 8 5
8 13 10
19 10 8
24 18 8
5 7 8
10 3 9
11 14 9
14 4 6
11 17 10
12 16 1
3 3 5
18 20 9
9 17 3
13 13 8
18 14 3
23 17 4
5 5 2
25 10 10
14 9 3
24 17 2
14 24 5
12 17 10
13 25 5
3 8 10
3 11 1
5 16 6
20 18 9
18 1 1
10 19 2
12 20 3
6 23 7
11 6 4
4 10 2
24 1 6
23 19 4
20 18 9
15 4 7
17 15 4
3 5 3
1 22 9
10 14 9
24 3 10
20 5 1
16 9 7
4 16 10
22 8 5
23 22 1
16 12 5
3 1 8
4 6 2
16 16 6
17 9 8
5 13 3
18 16 5
17 15 4
14 24 5
6 13 6
21 24 8
23 24 8
18 2 6
11 13 10
23 21 1
10 25 10
23 11 1
14 15 6
13 22 1
9 2 6
6 17 6
25 20 9
13 7 7
11 6 9
20 11 4
6 9 9
1 17 4
11 2 4
17 16 8
5 17 9
23 21 1
18 23 8
13 22 2
2 25 7
9 24 7
1 8 1
16 3 5
19 14 4
5 23 2
5 5 10
6 7 10
19 10 8
7 14 8
9 15 4
13 21 6
5 13 9
18 10 1
11 1 8
15 25 6
18 24 9
18 18 2
16 25 3
16 22 6
4 5 2
14 17 10
23 20 9
14 18 3
21 16 1
4 25 4
5 7 3
10 18 4
4 4 10
7 12 7
2 6 4
14 14 3
10 4 9
6 25 5
14 3 9
1 19 3
8 19 1
23 21 5
7 3 6
25 16 10
20 16 2
7 2 4
1 24 4
23 21 6
12 4 5
11 4 9
11 2 4
17 23 2
20 4 5
18 9 6
1 6 1
18 14 4
12 1 1
14 21 9
1 15 3
1 8 8
22 12 2
9 5 9
20 17 4
3 11 4
16 14 4
8 1 8
2 22 3
3 9 3
15 10 4
18 3 6
23 25 4
5 12 7
8 12 4
9 21 2
2 19 3
12 13 1
4 24 7
17 13 3
3 12 6
8 21 2
24 23 2
3 6 8
14 21 4
25 21 1
20 4 3
5 13 1
5 5 10
8 24 2
16 12 7
12 14 5
18 15 4
13 8 2
5 1 6
6 24 9
12 13 7
20 3 6
12 25 8
16 13 1
3 21 3
25 20 2
22 11 3
19 7 4
11 5 6
2 1 1
16 5 5
7 15 8
3 19 9
24 8 5
11 16 2
3 22 7
16 21 9
17 18 1
2 10 3
6 22 7
2 3 2
14 14 5
10 7 1
9 3 9
10 21 5
12 4 5
22 19 1
16 22 9
3 1 5
25 16 6
10 9 3
5 24 2
25 18 7
7 1 3
11 3 10
14 15 10
2 8 10
24 5 2
10 22 9
24 2 4
9 24 3
15 20 8
6 14 5
11 16 6
1 25 3
12 4 5
3 4 5
3 19 4
2 19 7
22 13 7
6 1 4
3 5 8
21 23 1
8 4 2
20 16 6
2 8 7
14 5 4
10 23 1
23 22 10
24 2 5
1 21 4
3 21 6
13 2 8
21 21 10
2 10 3
19 24 2
4 13 10
19 15 5
8 15 4
25 11 7
5 17 5
19 17 4
17 25 7
17 15 1
9 17 1
23 19 6
22 18 1
7 11 2
8 12 4
10 23 10
25 8 2
25 21 6
7 6 4
12 20 7
20 15 5
12 3 8
5 14 1
24 4 10
20 17 6
24 18 4
8 7 5
21 11 3
8 3 5
4 4 5
17 6 4
22 1 5
1 5 3
2 8 3
18 25 3
9 15 6
16 22 2
20 1 9
17 13 9
7 10 10
17 25 8
25 17 2
25 16 1
9 10 7
22 15 6
1 23 2
9 11 1
21 19 9
12 20 10
10 11 9
4 3 2
7 2 7
10 5 8
18 14 7
9 23 2
15 25 6
23 18 8
14 13 8
6 2 1
15 6 4
23 19 1
1 15 2
7 2 5
2 4 3
4 6 5
7 1 6
4 1 4
17 25 4
7 3 2
25 18 2
21 7 1
17 20 3
6 20 7
9 19 9
3 9 10
9 4 6
5 11 4
25 21 9
23 1 9
23 2 7
60
21 94
8 85
5 89
16 37
24 50
1 62
4 45
4 64
10 70
2 38
24 48
22 88
10 87
1 89
25 91
18 39
12 87
9 92
18 45
21 62
13 91
11 73
16 92
16 74
4 74
13 79
3 56
17 53
20 58
24 61
10 67
10 44
5 77
22 95
24 92
23 69
13 80
7 89
10 40
7 46
7 89
10 100
11 84
8 47
2 69
7 57
1 79
6 51
16 93
20 86
5 44
23 56
2 57
17 99
5 34
25 74
15 80
2 92
25 40
22 92
