25 12
25 23 12 1 9 12 23 1 16 9 2 18 
420
4 19 9
17 16 1
11 13 10
20 21 2
16 11 4
13 16 1
5 10 7
11 24 10
1 10 5
6 6 1
2 15 3
20 12 1
8 1 1
16 5 9
14 17 2
22 21 10
9 10 1
15 8 2
5 11 3
15 2 3
8 9 9
3 18 7
3 23 10
22 2 6
4 5 3
3 1 2
17 24 10
22 9 5
9 19 1
16 22 10
18 6 9
20 23 6
14 23 3
25 15 6
12 12 5
16 6 9
5 6 9
16 22 6
9 18 3
13 5 6
25 17 4
2 10 6
22 16 5
16 2 6
4 11 6
18 21 2
9 18 1
16 16 8
22 3 10
21 24 2
19 2 6
16 18 6
21 23 1
21 21 5
14 25 4
12 3 7
6 17 10
14 16 1
9 24 10
11 11 8
3 8 8
3 11 3
12 22 6
22 18 7
6 5 5
15 8 1
25 24 5
25 22 4
2 20 9
22 2 8
17 16 6
6 15 3
10 5 10
16 13 9
13 23 8
22 4 10
20 16 5
19 4 10
5 23 1
8 6 10
22 8 6
1 18 1
3 6 10
17 18 8
15 19 2
19 10 2
25 16 3
12 20 10
20 9 10
14 6 7
21 6 3
20 22 1
18 24 1
12 12 5
8 15 2
20 21 9
6 13 9
20 23 10
22 10 9
1 3 5
15 2 6
3 6 4
3 2 10
1 25 6
19 10 6
5 12 8
18 22 2
16 8 1
5 4 6
3 18 7
23 2 5
2 14 2
5 11 2
8 23 3
3 15 9
9 24 7
22 17 5
24 19 2
6 9 5
3 5 5
15 15 3
24 24 10
22 7 9
1 10 10
18 22 6
7 9 3
1 14 8
12 14 6
4 3 10
20 16 1
20 19 10
17 17 7
5 21 8
12 4 7
25 16 2
4 11 5
5 2 7
19 21 2
14 16 2
18 4 1
16 5 1
21 5 3
22 10 9
8 14 10
4 24 6
4 24 4
12 19 9
3 23 6
7 20 7
8 10 1
24 5 10
13 4 7
13 7 8
3 19 7
11 22 2
21 7 3
1 25 5
4 14 2
25 1 9
20 5 8
23 15 4
16 2 3
12 21 8
13 8 8
10 7 8
6 9 9
1 10 9
19 20 4
6 22 1
11 17 9
8 24 3
13 3 6
15 15 6
16 18 8
11 20 3
17 6 9
6 5 8
3 5 3
14 17 9
3 4 10
18 19 7
11 23 10
22 5 7
9 4 3
11 3 1
25 12 9
16 3 1
2 18 7
1 4 3
9 19 10
13 21 2
18 16 10
18 24 4
10 13 6
11 12 1
15 15 4
3 9 9
8 9 4
19 15 8
1 21 4
3 5 4
8 3 2
8 4 7
21 7 1
6 10 1
23 4 7
13 3 6
16 13 6
8 6 9
23 25 7
4 1 2
1 24 3
2 22 9
7 12 8
6 5 3
9 13 2
23 13 8
14 21 8
10 17 9
1 15 3
15 9 3
25 21 5
12 18 7
11 15 1
17 6 7
20 4 7
1 9 10
18 3 4
8 14 3
18 16 9
23 4 7
22 10 10
24 21 7
12 24 4
19 10 3
19 25 3
3 6 1
15 8 3
22 23 8
16 24 9
15 4 2
10 20 4
1 11 6
14 18 5
7 16 3
19 23 3
18 7 2
14 21 6
13 16 9
5 3 6
16 20 10
2 23 3
21 21 1
2 17 8
14 10 5
13 18 2
11 11 7
8 9 8
14 25 4
8 4 7
10 25 5
23 1 7
21 16 6
18 2 2
25 17 9
14 14 1
21 3 3
13 20 8
22 4 2
15 2 10
16 16 8
3 23 4
4 19 1
20 17 6
3 15 6
2 15 5
21 15 2
6 23 10
13 14 2
3 24 7
4 16 10
6 20 6
2 11 4
25 18 3
16 1 1
6 6 10
10 24 6
16 12 3
5 22 8
14 24 3
2 3 9
3 23 3
19 21 9
3 9 2
12 3 6
13 4 10
20 18 10
11 1 7
13 12 9
23 5 9
3 21 3
20 21 9
23 19 5
10 9 2
8 8 8
13 14 6
13 24 4
18 18 8
9 12 2
23 12 4
3 1 6
5 19 3
17 16 5
7 21 5
16 2 9
21 10 2
25 2 6
18 1 5
24 2 8
15 25 8
20 22 4
13 5 2
21 6 7
11 22 8
22 16 7
20 23 9
18 13 1
20 17 9
7 4 4
7 25 8
9 4 2
23 2 7
18 9 2
1 6 4
20 3 9
25 15 8
22 2 4
11 25 3
17 20 4
4 13 6
19 1 4
17 9 7
5 14 9
17 20 1
11 7 9
11 21 7
12 15 2
9 23 3
16 3 5
21 7 5
12 15 4
8 17 4
21 14 4
1 8 3
24 18 1
19 17 5
8 8 4
16 1 10
8 7 10
25 12 9
15 6 6
7 18 7
9 7 5
15 1 6
14 25 5
16 3 3
21 6 2
24 17 8
25 6 6
3 23 1
15 1 2
2 18 5
24 23 5
13 19 5
17 3 9
24 23 4
1 6 2
23 13 3
3 7 4
12 24 10
5 8 8
3 9 9
2 11 9
6 10 1
24 2 9
8 12 8
8 11 4
11 23 7
22 9 1
18 12 3
20 19 3
14 17 1
17 8 8
23 17 1
13 12 5
5 4 10
19 16 8
5 20 5
17 8 5
24 8 6
6 16 3
17 25 10
20 2 8
12 5 2
23 4 7
20 11 2
25 23 7
8 14 6
22 19 7
13 7 7
6 3 4
9 13 7
18 19 7
5 22 9
16 20 1
23 4 4
16 6 8
5 18 6
24 1 10
10 19 10
60
7 97
6 66
5 44
24 30
16 70
16 55
16 37
11 98
20 34
14 46
2 63
16 31
7 70
6 81
24 40
21 88
10 96
15 77
11 52
23 38
5 51
11 86
7 36
5 52
5 32
19 69
20 65
13 82
9 33
9 46
6 30
19 62
15 36
8 61
16 49
18 67
15 82
10 60
6 80
12 63
9 58
14 90
15 83
23 99
22 73
22 81
20 60
19 49
21 88
18 64
14 67
7 98
2 47
24 75
25 62
6 89
7 67
14 31
17 86
12 34
