2
2
128
100
5
48
2
5
2
24
2
2
2
6
5
4
3
1
2
5
3
2
1
12
0
0
1
2
45
1
2
92
0
0
0
3
2
4
4
4
1
3
25
0
4
2
0
2
2
71
1
3
1
2
1
2
0
2
2
69
1
2
0
0
0
1
1
3
1
3
3
2
0
0
3
1
1
0
2
4
2
0
0
0
1
11
2
4
4
1
47
3
2
2
27
2
1
3
2
27
0
1
2
2
2
2
3
1
3
26
1
1
3
3
4
3
0
1
3
2
5
57
1
1
2
2
3
4
0
16
1
3
1
2
2
33
0
5
0
4
0
5
2
1
1
0
0
1
29
0
1
1
3
1
61
0
1
17
1
1
3
3
21
1
4
5
5
1
1
5
4
5
10
0
2
11
134
1
6
78
0
1
13
0
50
0
2
0
3
2
4
1
28
1
1
2
1
5
0
0
2
2
1
1
5
0
3
54
0
0
4
4
5
1
1
2
1
0
5
0
1
2
69
0
2
0
4
0
0
5
0
0
1
1
2
1
1
30
2
3
0
0
0
0
2
2
2
0
3
1
26
0
5
0
0
4
0
4
4
0
0
4
4
0
0
4
3
4
4
3
1
1
3
3
3
4
0
0
1
4
0
1
3
3
2
51
2
3
3
6
129
1
1
2
0
2
0
1
2
4
0
2
0
0
0
5
0
73
26
2
1
2
0
1
2
1
29
49
2
4
0
5
0
0
0
0
1
18
3
0
0
1
2
2
0
35
0
5
0
0
4
0
4
3
0
0
4
0
5
4
0
0
1
0
2
21
0
2
30
0
2
44
5
1
4
5
5
5
5
1
5
1
2
2
28
2
3
5
1
2
4
2
2
1
39
36
0
1
1
1
16
3
0
4
1
0
1
26
0
4
4
0
4
3
3
3
1
4
0
0
0
1
0
0
2
2
2
68
2
2
0
3
0
1
0
1
1
26
4
5
0
5
1
1
49
0
1
10
1
1
5
5
5
0
10
1
1
0
1
2
0
2
0
1
22
0
0
0
0
0
0
3
0
1
2
3
5
1
2
2
2
2
1
16
1
15
1
24
1
1
0
3
0
1
2
4
56
5
0
38
3
0
3
1
4
1
1
3
1
5
